3
16
0.0,-0.49657056148372786,-0.45818421454390035,0.33713546823848556,-0.24604651578778775
-0.29970849098241276,-0.8466781834640136,-0.22939493391963106,1.3535715172080218,1.0401637691016044
-0.09941881066813531,-0.4783971781137986,0.32681638466456564,1.596270518902744,-2.0087147769084712
-0.35392829509621665,-0.10052019983571378,0.0,0.4347004392533915,0.0
-0.3731903113795659,-0.02528416047199331,0.0,-0.19321089840450387,0.0
0.0,-0.8918640162225957,0.0,-0.911962866688026,-1.050307093704409
-0.2867729113942781,0.5230703096907956,0.008470891720748785,0.08462267698680723,-1.027087460971609
-0.462344073233056,-0.4334253150866291,0.07448045952508622,1.1755045276193998,0.6339629281840067
0.10161084956143102,-0.005688576716710781,-0.9648715499342579,-0.41766828489444074,0.2652455667729397
-0.15383830417692318,-0.6473746216508764,-0.05859062557037678,-0.545451082858898,-0.34231319297630874
-0.34636259653290546,-1.5220104434817878,0.4664126562534105,-1.1138220725078292,0.20771745849269657
-0.40734607984066723,0.6753264809497748,-0.24585554342829838,0.0,0.2190810752721632
-0.061909820736795386,-0.05824003305402503,-0.7222852130277077,-0.3607694432374842,0.5825164872851494
-0.8936463047163198,-0.9484839736999581,1.263507600443652,0.9891462174146965,0.08634616841703287
-0.4460065503851143,-1.009546201579899,0.2082627440372301,0.14142028608643625,0.8270469124028952
-0.11489619809047162,-0.6024955074366837,-0.09708511686039081,-1.741355456674941,-0.31077282339827866
5
0.44261838483324195,-1.0549971326943832,0.527046124260436,-1.6772776041922752,-2.1187535763546625,1.2467459780589112,0.8448480947980805,0.45560163850753926
0.44119449009314776,-0.37521209374374626,0.933881018337926,0.0,0.0,1.9835542813134424,-1.1347853457383816,-0.7418911246413424
-1.6295376215248125,0.3374107006802345,0.0,-1.0971141193739173,0.4769958039645364,-0.8422043764284567,0.5042650969408318,0.3326237838142676
0.026844140277710704,-1.4726091920359599,0.1225304350290993,0.0,0.0,0.07417013856509436,-0.18628951625472454,-0.1489644638930277
0.2325504549055,0.4256042452328471,-0.9157953405922201,0.0,0.010941437237390538,0.28074477586393487,0.7204666235928304,0.9856479715168407
8
0.0
0.0
-0.03314012725100538
2.6322083446386224
0.06579898311944017
-1.3750411670678375
-0.23256929265275753
-0.05246708276048742
