3
16
-1.1010270748660127,-0.4192525020414478,-0.1678932138388418,0.18849460974503773,0.8667302703307449
-0.35882452884339255,-0.8385219606283437,-0.07137062548349184,0.5432925944611606,-0.2091415749228189
-0.037650090678799104,-0.8167113326407464,-0.4076061239770885,-0.03209826799424241,0.12384949738513396
-0.3274213473222567,-0.21370463534179854,-0.371817674498889,0.21010864491847892,-0.02434620827433256
0.4785911677661146,-0.9021700433670016,-0.6398941424202614,0.10591198766976148,-1.82988231320272
-0.02220750252900353,-0.01006951309392259,-0.46104488200762866,0.44614388870629024,-1.0642045324908995
-0.9311473236067903,-0.7298582071964093,-0.12551448507328977,0.25795585015295347,-0.04755966927153799
0.26350024807744443,-1.015068543697651,-0.11076795248968573,0.6917273129998607,-0.0708629566644178
-0.5595904000211489,0.40222672762591877,-0.4920340838528275,0.15370322015799365,0.12441752735086677
0.5027283689363823,-0.6975385672857106,-0.6797749294426602,0.0,-1.6246851599349788
1.709224296823194,-0.005197106126230675,-0.798195944183296,0.37446906603090135,-1.446511640755169
0.9365265183511983,-0.7849253704989743,-0.5149279887679907,0.5365534450906202,-1.931969892589113
-0.22860422525948385,-0.8409225893954692,-0.38278295949153557,0.08567319247815913,-0.055902576395642084
-0.23518870722464003,-0.604576863927811,0.20414607950796895,1.0020165770872558,2.0557418973910018
0.4061084179527156,-0.4772296535317252,-0.29215757238415324,0.6063804759851632,-0.030534197164992803
0.020732288289889617,-0.6108801678814324,-0.23381186674679486,0.6608641886638363,-0.2595468245543984
5
-0.061165563472648135,1.0622518191403278,1.6800183395604051,-1.3981507535689457,-1.2186377454763473,-0.05965540267731894,0.1023594812008743,0.6951367264201005,-0.6453340375455222
0.44454619211375607,-1.0222300670428477,2.2789261570984176,-1.1256970859024371,1.580075141998974,-0.6734977628463311,-1.27203936276618,-0.033382640555321606,-0.011830938987998783
1.1439276237341491,-1.3554275156687887,0.719560078408687,-1.0436929841545768,-0.7956960900798289,-1.8265106322889713,0.02342837215405901,0.4961723680941591,1.0901543928934907
-0.07594151609963287,1.4143418503880751,-0.0874840505167365,1.867930081312703,0.06208141273216347,0.5461203506849718,1.9427720427345454,-1.9507459799659046,-0.09727381298678912
0.5284075955610731,-0.25361988639778926,-0.3327399737979099,-1.0915933477926876,-0.40544516030005817,-0.4047704351243542,1.819471981991738,0.000674119866229233,-2.099518441877972
9
-0.7895289808548538
1.7567880440504606
-0.8155235684490232
0.35489656814277803
-0.0001917996510997747
0.9040271648053163
-0.762345288133118
-0.9203087328093186
-1.14243626670519
