3
16
0.8114547385345576,-0.23852868220526796,-1.2075983274829387,1.4494817536194216,-0.3821432434229955,-0.11260953271007883,-0.455913888347454
-0.6181477953253216,0.0,1.568787028274832,0.25399111001965397,0.0,-0.2816484056123629,0.0
-0.5154602620311041,-0.4181747312604175,0.7600058056436978,-0.5919220341030328,-0.09742908644139237,0.5765306954428323,0.0
-0.12480521795799195,0.0,-0.045235899529769405,-0.841496694092449,-0.8210419364341747,-0.46350494342180226,0.0
1.6836739192118437,-1.1146944066929911,0.5764533041802136,-1.6489919351400706,0.23779878753257563,2.4211462137496,-0.2705926228004904
0.26716453636257215,-0.5639794620138706,-0.26389079099883006,-0.987632208284532,-0.5859229482264493,0.9452139337508729,0.0
-2.042193900058952,0.0,0.06417585674885694,-1.303378275565168,0.022970067009287318,-0.24212720964638643,0.06846531278927027
-0.30946789807023084,0.2874093159706909,0.3829278571064471,1.184360530640133,0.24513074675142868,-0.7909982991066197,-0.40547921775062873
0.3097627668227591,0.4999269004705185,0.47645030533436755,0.8254549974292537,-0.8663291515855227,-0.7915190847531038,-0.17090980902666686
0.6637159297315294,0.39423062131273806,0.3079772742129822,-0.750983794290163,-0.38171053647285114,-0.6647697097254089,-0.3775919446582221
-0.7864771834051605,-0.2782823690962187,0.0,-0.5401985884001714,-0.18112257068067164,0.9618587874065007,0.0
-0.18504658467045978,-0.4220601925354876,0.6335432460924854,-1.215573621371156,0.0,0.18974095813401975,-0.02733001586849226
-0.17834052420894878,-0.02361396750882725,-0.07884483936140044,-0.4859491599095261,-0.7758016564675299,0.033292248791449396,0.0
-0.0830247665992567,-0.7424794856570179,-1.371128129032118,0.9949811879199353,-0.20357555974090868,0.4057443390118524,-0.23076912596785046
-0.27618723948225077,-1.124853518356197,0.6041459743279145,0.8598925531337673,0.01626447253457914,1.3461088323006067,0.0698310034218008
0.6100091616352012,1.1157046120711507,-0.5782042346011677,0.7668184752533387,-0.2570852784116076,-1.7496992599183057,-0.808100779962589
7
-0.33289364090166584,-0.08652167564574449
-0.6581965872778113,-0.20823842174335103
0.22731732912631797,0.0
-0.05606800596657256,0.037787304582402786
0.0,2.3963023412513182
0.36241477029368124,0.8854640691447694
-0.9630160218662938,1.8171736689261646
2
-0.4209160816422843
0.24617970544879253
