3
16
-0.1619699666159044,-1.406782148358617,-0.18377301482203995,0.762456322878644,1.1737457584414381,0.2694173188207076,-0.42934264637010294,0.25658842885227745,0.4262555279938254
-0.0714982602087585,0.2930331486132154,0.18346282388179727,0.32833762824871077,-0.8688985052350823,-1.3329589387104568,0.18126471997957042,0.36578604559341915,0.5531630407685199
0.3066188282918046,-0.7411299867459111,0.29065424227869363,-2.0862884617404722,0.05078624627328238,-0.6730332289938036,-1.7702460337525314,-0.2803031915510418,-0.24987672339903805
-0.5799511424874966,-0.6754650113977549,0.0,1.3923987371373956,0.0,0.08912158112815112,0.0783974791645962,0.16772361712958406,0.0
-0.2960660431788089,0.5456828342704193,-0.5173465486183437,-1.0351442010884193,0.0,-0.46107485376314905,0.04749501187740979,-0.010356425140778646,-0.6588965583915304
-0.3991369818972936,0.0,0.0,-0.40797005488761784,-0.9102948448029599,0.0965087107928093,0.0009657766265531068,0.0,-0.4617262532116446
-0.2455495491845061,0.8941558124155345,-1.1449029249827904,-1.0568271259084563,0.21958125930474698,-0.7750743297965501,0.0,0.0,0.33135533728096295
-0.056296489359784416,0.8663152780657359,-0.6592436719106497,0.0,0.0,-0.7772484337927058,-0.09557093798859868,0.2477428184334897,0.0
-0.9359787338274632,0.17707961531891656,0.0,0.5186480030528271,0.1561231261340114,-0.10924532118899642,-1.1081264244446696,-0.06391168731126307,0.0
0.0,-1.2138627749098168,0.0,0.6161809811892524,-0.4433095119936106,0.6169736909040103,-0.5946683439373811,0.0,0.0
-0.009094197490342714,0.0,-0.013862220641323603,-0.612801293673298,-1.6101443508767503,-0.23530320839616609,0.20396584429894268,0.0,0.0
0.0,0.3791028633872593,-0.09041808694097672,-1.9638251161170188,0.0,-1.6801711789748237,0.5753263448251235,0.0,-0.6716267986035915
0.5676383709939229,0.49046520123410575,-0.6738657455520792,1.2117685796440993,-0.02941117547131443,0.7843369251905822,-0.19195211941518825,0.6026662530780788,-1.2479318889268052
-1.091385699018637,0.0,0.04919729959506657,0.2365202545628728,-0.12920371139659872,0.09500430340106535,0.5122395329380572,0.0,-1.22591240927337
-0.19033245749209157,-0.6097106956152066,0.2147662157069756,1.6740776674615434,0.04432387296015905,-0.04012456509906668,-0.29633126641095175,0.407109913037893,0.0
-0.4996595020298483,0.0,-0.19838920821228,-0.0744983208500043,0.5064128598026585,-0.6900432740495441,-0.5120819189752087,0.0,0.09066290439434051
9
0.0,-0.37433978935857676,-1.5774781203794686,0.5183767655695518,-0.4140753676221242,1.000979936904585,1.6632843476162866,0.3767987709477421,0.16713868581313132
2.0435306624449545,-2.2882261031579265,0.0,-0.9544365270888843,0.0,-1.4587359815028418,-0.4552458126403438,-0.5210219494807854,1.1180629644377618
0.39026314734125533,-1.3376243509779935,-0.27413269709000737,1.4393491800338494,0.5043243219787112,-1.552913272075387,-0.013113784320999284,-1.3979189638271838,0.31625480725319116
0.017574460385565614,0.6833658142701805,0.0,1.2106224745378689,0.0,-0.9830890048412195,0.42313269773871176,0.0,-0.02137183537230416
-0.029693231719346347,-0.9225891656035516,0.3541207878488752,0.7384744478576399,-0.3558031338438462,1.7786201785244018,0.9415443600198488,0.06611749295510584,-0.8136331342080275
0.3719076617511745,0.8084302281216531,0.48441800516866357,-0.6213799801566993,0.3580752117970727,2.16410297522176,2.9501707195824047,0.0,0.6534700019563745
-0.41224261171293797,-0.8044638320970613,-0.22600547805687626,-0.13489390132421927,0.0,-1.4262460603400382,0.23335161056160925,-0.3200979537014814,0.36764529446959054
0.08606049583412663,-1.0725634634683985,-0.22552776356567675,0.0,1.1268934098395098,-1.6990983263199413,-2.15253887974015,1.3902351615254909,0.051552315590180205
1.4982155059296214,-1.2310560693039612,0.2911197477238539,0.946674587517584,2.8824234727252693,1.4091714509763869,0.0,-0.18260660605434625,-1.5299017852936463
9
0.0
-1.709725038733954
-0.28325772735027777
0.03227922542054244
0.36814724392935044
-0.06650071278168031
1.0378198204269604
-0.8920690571140529
0.15268193178355496
